10006	95
10019	2084
10024	1814
10025	67
10034	152
10048	45
1007	59
10076	40
10077	250
10080	5941
10082	3759
10089	205
10100	1504
10104	189
10108	220
10109	6929
10127	60
10187	39
10188	40
10194	42
10195	138
10219	64
10237	104
10248	97
10255	6834
10284	568
10319	38
10321	633
10349	198
10350	165
10354	257
10368	84
10391	117
10404	85
10415	33
10428	12001
10429	11567
1046	9906
10462	106
1048	278
10493	518
10522	508
1054	58
10540	54
10555	47
10561	2892
10572	35
10576	749
10578	24
10589	31
1059	48
10595	57
1061	513
10659	156
10662	4701
10663	53
10670	55
10676	118
10686	1840
10692	348
10712	5862
10721	4197
10733	1512
10734	10840
10735	33
10743	132
10747	8995
10750	887
10757	691
1076	292
10762	114
10774	15865
10777	129
1078	131
10780	32
10781	97
10792	461
10800	264
10810	392
10826	47
10835	12672
10836	1053
10843	33
10845	78
10846	2217
10851	2039
10870	54
10889	9579
10900	79
10903	1509
1091	37
1092	2287
10921	13084
10926	1301
10939	143
10943	59
10947	21209
10959	243
10978	59
10992	75
1100	3068
11003	66
11007	86
11009	41
11011	50
11021	53
11025	1899
11027	38
11034	773
1104	5203
11041	51
11048	60
11054	25
11056	160
11076	398
11080	5654
11086	86
11088	558
11098	88
111	8605
11107	282
11124	470
11133	45
11158	469
11159	64
11177	87
11182	18668
11197	332
11213	3690
1122	78
1123	4879
11232	26
11235	29
11236	2260
11237	809
11238	75
11240	232
11245	631
11253	112
11259	694
11261	405
11284	116
11286	1504
11288	69
11292	2556
11294	107
11295	749
11307	2177
11312	47
11316	51
11317	1035
11319	70
11330	92
11339	67
1134	1391
11340	2454
11344	3
11347	3283
11348	204
11352	472
11376	7542
11380	58
11391	659
11395	48
1140	2727
11408	124
11412	531
11418	66
11436	61
11442	2855
1146	228
11463	269
11493	41
11496	3462
11505	55
11510	130
11511	96
11513	90
11536	33
11563	658
11567	492
11613	8362
11614	2132
11616	165
11631	107
11637	291
11638	9675
11651	4360
11657	62
1167	318
11673	9641
11686	43
11688	1310
11689	72
11690	1991
11723	82
11732	3065
11757	92
11766	55
11775	4069
11786	212
11806	394
11812	15086
11824	94
11829	5101
11835	76
11837	18752
11838	14
11839	324
11851	1662
11866	60
11867	62
1188	58
11884	1089
11887	2334
11888	15196
1190	124
11902	222
11908	1541
1192	38
11923	68
11951	56
11952	202
11965	719
11966	33
12010	245
1202	20997
12046	54
1205	58
12059	101
12100	916
12117	28
12123	84
12125	919
1213	488
12133	120
12156	77
12159	235
12170	182
12178	275
12180	532
12184	7363
12189	127
12199	21
122	1429
12202	66
12230	223
12232	20275
12243	9629
12246	8233
12273	726
12275	4223
12276	115
12280	14957
12284	30
12291	240
12292	3681
12293	20691
12298	1786
123	106
12336	3970
12348	106
12355	18047
12372	236
12386	48
12391	2469
12396	140
12413	369
12419	42
12421	166
12422	50
12423	837
12432	1022
12452	350
12455	66
12472	218
12482	1333
12488	368
12496	95
12497	14718
12503	685
12504	138
12510	46
1252	602
12538	2281
12544	81
1256	3722
12589	51
1260	1298
12604	226
12606	48
12607	386
12623	708
12627	635
12634	96
12639	5060
12653	224
12661	8619
12679	1499
1268	26
12682	3063
12683	599
12695	90
127	1781
12700	65
12705	91
12709	125
12733	68
12755	78
12757	202
12760	681
12775	103
12778	17792
12780	68
12793	370
12795	2262
12798	3243
12812	409
12822	387
12824	968
12847	70
12852	387
12855	447
12863	92
12864	42
12875	1822
12887	43
1289	11239
12894	4727
12912	147
12920	123
12936	39
12946	488
12948	608
12952	20
12957	120
12969	25
12977	143
12993	240
13015	15520
13022	93
13032	30
13046	725
1305	8707
13055	645
13059	1179
13099	80
13107	3954
13110	135
1313	162
13137	108
13145	56
13150	28
13154	263
13186	572
13188	63
13199	366
13212	570
13215	166
13218	43
13235	368
13242	700
13262	57
13270	2962
13288	1194
13289	38
13298	16189
13299	27
13305	56
13326	2535
13328	1765
1333	147
13334	285
13339	185
13360	76
13363	54
13377	289
13387	83
1340	41
1343	67
13431	27
13432	80
13438	129
13451	7445
13456	71
13461	165
13464	45
13477	2971
13485	754
13489	1099
13507	97
13519	6755
13531	30
1356	137
13561	1248
13563	121
13565	2368
13569	845
13587	300
13589	37
13590	34
13601	369
13604	548
13606	46
13608	188
13614	19316
13632	91
13633	680
13636	16844
13638	959
13651	20902
13664	42
1367	9363
13674	558
13677	141
13680	71
13682	34
13686	151
13744	188
13748	15659
13758	103
13760	90
13769	45
13783	178
13787	9577
13802	102
13817	67
13823	91
13828	42
13831	119
13835	1009
13838	460
13853	4194
13858	398
13861	51
13877	188
13878	492
1388	36
13887	8508
13899	106
13905	179
13909	243
13911	33
13912	359
13927	3103
13934	2518
13936	111
13938	395
13964	2569
13965	227
13989	56
140	41
14013	1735
14046	26
1406	20631
1407	113
14070	433
14072	4190
14075	586
14077	52
14079	80
14086	1559
14088	1777
14089	67
14096	1862
14099	47
14100	22
14136	72
14137	6763
14144	7519
14154	3253
14169	479
14171	180
14177	1352
14185	15690
14189	196
14198	10982
14199	2618
14203	14353
14209	14378
14216	1432
14231	86
14234	296
14244	162
14248	3343
1425	8552
14255	45
14258	848
14272	997
14279	53
14282	81
14283	3330
14290	55
14292	161
1430	70
14314	92
14317	7965
1432	1056
14320	3697
14324	33
14329	98
14335	2292
14347	70
14354	71
14361	251
14372	622
14380	63
14386	51
14392	135
14407	10218
14429	128
14430	1067
1444	62
14440	34
14442	58
14457	8961
14459	14925
14462	60
14469	41
14470	100
14484	16384
14492	245
14496	626
145	141
14503	164
14505	2244
14506	673
14518	32
14537	212
1455	1344
14551	383
14552	501
14560	211
14575	49
14581	68
14594	55
14611	73
14625	39
1464	143
14643	819
14645	127
14648	2063
14712	19935
14716	3839
14720	254
14722	102
14732	640
14738	4550
14740	56
14743	25
14775	86
14793	135
14800	102
14807	374
14808	778
14810	577
1482	3949
14826	94
14836	40
1484	185
14859	388
1488	870
14902	55
14904	926
14930	149
14932	46
14941	198
14947	158
14957	78
14962	122
14983	2246
14995	58
1500	402
15005	61
15020	37
15033	1698
15040	485
15051	14
15060	64
15071	663
15074	66
15083	70
15085	105
15115	138
15121	62
15122	347
15135	29
15142	53
15150	343
15152	488
15153	1744
15160	1936
15165	386
15175	58
15183	3309
15192	67
15201	389
15202	29
15213	144
15214	94
15216	549
1522	46
15222	149
15223	4869
15228	98
1523	198
15234	9648
15246	7788
15251	218
15257	2296
15272	1976
15276	966
15331	64
15338	76
15371	68
15378	1794
15391	47
154	58
15409	10762
15410	1626
15413	40
15428	204
15438	78
15449	5001
15464	809
15469	160
15475	961
15478	72
15480	42
15496	10070
15507	1014
15510	46
15515	824
15516	903
15527	87
15529	4370
15532	10785
15536	46
15539	683
1554	65
15547	784
15557	3363
15567	231
15568	2270
1557	132
15576	2025
15582	20873
1559	219
15592	1453
156	3397
15610	112
15629	60
15632	103
1564	464
15648	62
15657	3310
15661	48
15662	8330
15670	82
15676	356
15687	107
15691	107
15695	70
15707	438
15712	7612
15714	94
15716	1120
15726	70
15731	64
15741	2042
15754	238
15763	67
15772	745
15785	117
15808	2114
15809	43
15816	10194
15820	2821
15830	1636
15836	2351
15841	1588
15842	42
15855	931
15911	476
15915	90
15929	1001
15946	212
15951	55
15955	6708
15961	42
15962	1266
15981	155
15982	184
15992	243
15993	30
15998	238
1600	1532
16000	36
16001	61
16018	51
16021	66
16022	2272
16035	90
16042	82
16046	1658
16055	71
16066	140
16082	16542
1609	171
16091	38
16112	126
16120	51
16122	37
16127	208
16129	212
16131	43
16132	63
16135	149
16147	10430
1615	18043
16150	8561
16153	1163
16157	194
16162	627
16169	12184
16188	89
16231	62
16232	2190
16243	76
16246	311
16247	290
16252	205
16256	36
16262	7558
16277	60
16283	2626
16286	17675
1629	307
16300	872
16311	1063
16329	1378
16335	371
16342	138
16344	4660
16349	1629
16396	239
16398	63
16408	21
16410	121
16422	63
1644	191
16444	1641
16451	51
16456	48
16467	71
16477	118
16488	65
16494	188
16506	385
16540	189
16545	363
16554	283
16555	254
16559	229
16563	220
16572	4502
16576	31
16589	871
16599	134
16606	7575
16613	46
16627	58
16629	1460
16663	342
16670	829
1668	3083
16685	153
16689	144
16705	1418
16707	18320
16726	41
16731	1279
16733	1242
16741	403
1675	54
16761	50
16762	81
16770	4215
16784	3521
16787	48
16788	9722
16790	3553
16797	593
16820	49
16830	55
16849	76
16854	256
16869	4352
16889	2343
16902	130
16904	44
16906	64
16915	138
16916	63
16928	43
16931	3468
16933	119
16948	8950
16950	43
16955	113
16970	3269
16975	586
16982	841
16986	1353
16988	131
16993	364
16996	33
16999	53
17020	804
17056	165
17065	32
17068	38
17074	59
17082	239
17085	5790
17087	286
17090	48
17104	3244
17107	367
17124	33
17137	114
17174	6576
17182	384
17196	1414
17202	48
17203	1123
17232	71
17255	19
17290	814
17304	120
1731	100
17310	239
17324	16280
17326	69
17334	898
17337	35
17338	2956
17344	141
17348	472
17358	6794
17394	110
174	119
17411	3423
17423	1920
1744	20140
17447	245
17454	245
17466	485
17515	108
17522	502
17523	95
17534	48
17536	1538
17551	98
17554	515
17556	331
17558	8032
17561	989
1757	2625
17574	6786
17616	53
17624	2144
17626	65
17635	212
17640	97
17642	964
17650	752
17653	1713
17654	2686
17660	30
17689	31
17693	2534
17706	122
17725	2003
17728	68
17734	41
17741	1020
17742	246
1779	21
1803	8549
1807	484
1825	162
1832	12225
1841	18
1845	1233
1848	933
185	1617
1851	1294
1853	4478
1868	71
1884	5384
1889	324
1893	502
1896	83
1898	87
1901	10062
1903	129
192	100
1924	61
1944	101
1951	47
1952	42
1958	45
1966	44
1967	242
1983	7743
1993	40
2014	131
2015	4994
2028	357
2036	42
2039	123
2042	70
2043	4112
2053	170
2058	49
207	59
2079	61
2083	205
2103	1590
2104	3511
2106	139
2110	146
2116	601
2130	979
214	68
2147	77
2160	103
2168	548
218	37
2193	124
2198	447
2212	6449
222	42
2232	39
2235	1590
2243	810
2251	3710
2284	6462
229	202
2290	13771
2298	46
2313	44
2316	1275
2342	13545
2343	36
2344	183
2352	2213
2355	64
2356	1601
2366	1643
237	179
2375	3355
2418	1065
2430	16170
2432	308
2438	71
2460	6701
2492	143
2503	645
2504	68
2506	352
2510	666
2512	2185
2518	3782
2528	6665
2532	4578
2544	142
2552	240
2560	27
2562	64
2565	295
2569	117
259	219
2597	244
2601	1953
2604	28
2616	55
2621	203
2629	96
2640	4342
2642	88
2643	1639
2658	567
2659	770
2660	20153
2666	73
2667	63
267	552
2675	9138
2678	119
2682	74
2707	39
2715	78
2718	30
2731	3832
2745	20
2749	927
2755	7131
2756	520
2757	7889
276	60
2773	239
2786	48
2789	589
2794	592
28	12244
2807	65
2808	688
2818	59
2859	174
2861	1371
2866	8822
287	67
2886	198
2905	4334
2909	77
2913	16544
2918	73
2925	108
2928	399
2931	447
2939	428
2954	2249
2955	6021
2969	38
2985	338
2988	1299
2995	61
3022	85
3032	49
3033	62
3043	2178
3044	53
305	6324
3054	1295
3057	345
3068	131
3069	31
3073	291
3084	3080
3094	105
3107	819
3135	3776
3143	543
3147	2255
3149	162
3151	18007
3164	210
3165	14348
3170	793
3176	177
318	43
3189	43
3192	4033
3196	883
3200	289
3201	57
3220	1417
3229	905
323	443
3232	4685
3237	1230
3243	231
3253	6356
3257	52
3269	4695
3271	63
3274	8209
3281	104
3285	6911
3290	17292
3298	43
3301	816
3316	507
3326	7386
3329	56
3330	116
3351	70
3355	7947
3359	32
336	101
3418	12757
3440	61
3486	336
3492	336
3498	127
3538	15397
3541	11566
3546	549
3559	484
3568	176
3584	112
3586	30
3587	1871
359	1938
3590	2819
3598	137
361	6843
3613	483
3638	15996
3647	65
3652	223
3655	214
3658	70
3670	10376
3685	1006
3702	165
3705	143
3706	87
3722	70
3727	87
3733	1344
3734	838
3740	3856
3742	5324
3743	2275
3760	223
380	312
3824	9680
3848	70
3861	45
3862	4678
3874	78
3878	57
3881	462
3889	394
3890	5183
3891	41
3893	11799
3903	5418
3904	84
3914	269
3928	2299
3941	96
3943	517
3944	687
395	977
3955	1604
3977	67
3978	366
398	913
3994	131
4002	73
4005	724
4008	227
4023	63
4032	76
4042	891
4049	2067
4061	119
4064	2857
4076	69
409	243
4095	153
4119	825
4122	431
4128	69
4129	205
4144	3010
4152	228
4160	205
417	815
4189	576
4190	37
4207	3182
4215	104
4218	130
4224	585
4238	287
4239	69
4257	324
4264	99
4268	520
4272	51
4283	1009
4299	1035
43	58
4329	53
4346	1289
4359	126
4385	493
4394	613
440	42
4405	1598
442	10193
4429	2155
443	6560
4432	22565
4439	177
4441	2048
4445	77
4468	645
4485	1837
4496	3449
450	45
4513	61
4518	72
452	945
4538	44
4544	77
4546	6189
4552	744
4556	82
4563	876
4566	90
4569	1171
4574	42
4586	5025
4613	147
4619	35
4627	3317
4637	56
4640	23525
4645	153
4647	226
4685	5962
4694	73
4737	60
4742	47
4750	34
4761	10807
4768	69
48	1666
481	114
4811	49
4837	37
4840	401
4847	15564
4849	7739
4852	4746
4858	78
4868	182
4875	28
4876	6150
4880	25
4901	59
4902	1655
4918	437
4921	59
4932	12689
4935	157
4943	2769
4952	97
4963	202
4966	534
4981	776
4986	68
5008	238
5025	9653
5026	370
5027	74
5062	76
5069	12869
507	772
5096	599
5098	30
510	90
5123	131
5129	275
5131	230
5142	30
5143	206
5149	4084
5157	159
5159	148
5160	104
5175	293
518	1185
5206	736
5220	3674
5225	42
5267	115
5272	557
5284	99
5294	562
5311	60
5326	3729
5327	8410
5336	861
5337	53
5342	3316
5361	303
5364	36
5367	3561
5369	756
5408	84
541	70
5425	1260
5426	329
543	542
5465	82
5474	910
5484	40
5485	243
5552	42
5556	289
5562	9093
5568	231
557	88
5577	1704
5604	1146
5607	8038
5623	375
5640	543
5641	75
5651	7631
5656	10118
566	379
5699	925
5700	2027
5716	563
5727	12503
5729	34
5748	131
5760	9579
5766	224
577	1374
578	176
5785	47
5790	66
5799	1280
5813	261
5814	18298
5827	156
583	63
5835	81
5849	31
5877	776
5883	164
5897	6721
5898	485
5901	36
5911	57
5921	66
594	102
5941	318
5943	1781
5945	616
595	411
5958	1337
5963	2502
5966	47
5970	4827
5979	90
6013	3235
6014	3091
606	384
6066	1251
6069	40
6085	2741
6086	163
6093	587
61	57
6103	216
6110	5325
6121	53
6131	529
6136	74
6137	64
6140	32
6172	786
6177	2017
6190	8778
6200	80
6208	82
6215	130
6220	876
6226	727
6228	562
6230	510
6234	1873
6250	174
6252	36
6257	69
626	177
6260	81
6276	53
6277	20
6281	7938
6285	375
6287	24393
6289	71
6291	2231
6308	189
6315	2778
6318	897
6334	1360
6336	11280
6338	146
634	568
6347	13806
6354	43
6356	103
6358	114
636	7600
6363	58
638	2453
6389	364
6390	58
6395	226
64	45
6400	502
6405	57
6406	35
6408	21198
6417	122
6419	57
642	597
6424	717
6446	137
6448	506
6466	86
6467	150
647	407
6480	80
6481	130
6482	19580
6522	17
6523	6680
6529	1607
6536	54
6537	51
6541	856
6543	181
655	464
6550	165
6556	9216
6562	32
6566	287
6567	242
6593	283
66	65
6611	748
6619	344
6629	97
6650	327
666	152
6663	146
6666	3852
6668	64
6678	42
6680	69
669	38
6714	58
6737	107
6743	35
6748	464
6756	2672
681	2633
6830	34
6839	64
6871	133
6872	2725
6885	44
6889	205
6892	197
6894	24
6901	151
6911	13316
6912	1956
6914	292
6917	935
6919	356
6932	135
6939	117
6946	258
6965	558
6971	25468
6975	46
6979	117
6985	253
6988	6365
6991	10
6998	26
7011	48
7016	22
7022	286
7030	16
7033	31
7061	114
7063	101
7067	13700
7068	25
7075	53
7077	422
7084	81
7089	40
7109	81
7116	46
712	527
7132	99
7136	100
7137	90
7145	9375
7147	540
7148	574
718	607
7186	1914
7188	97
722	1484
723	6959
7236	52
7238	2161
7244	98
7247	323
725	1011
7255	58
7257	2693
7262	631
7273	476
7283	70
7292	158
7299	150
7329	62
7334	177
7339	67
735	56
7382	89
7386	86
7387	421
740	79
7400	321
7406	7197
7408	58
7418	1032
7437	130
7442	761
7445	1771
7458	49
7466	141
7476	65
7495	214
7503	102
7505	160
7511	19493
7512	153
7516	1700
7517	5714
7518	498
7524	2474
7527	55
7537	463
7544	8379
7551	105
7557	472
7567	63
7569	1477
7571	740
7577	1134
7587	605
7607	3520
761	369
7625	277
7638	603
7656	189
7681	170
7698	338
7721	147
7726	108
7736	954
7747	45
7763	2498
7768	59
7770	120
7776	465
779	148
7801	262
7802	36
7806	87
7812	1285
7822	55
7823	128
7838	42
7858	54
7868	346
7899	7807
790	134
7901	44
7903	595
7906	67
7916	40
7919	1482
7921	94
7923	152
7931	97
7939	651
795	89
7950	41
7968	118
797	148
7973	1066
7991	8683
8	2831
8002	45
8005	54
8007	75
8008	144
8017	650
8023	94
8029	410
8039	1162
8051	3466
8052	334
8058	30
8072	593
8085	239
8096	777
8107	15714
8121	169
8128	564
813	60
815	98
816	39
8162	1313
8163	2483
8166	1167
8182	23
8200	186
8206	63
8207	29
8220	42
8249	69
826	61
8260	35
8268	23
827	77
8307	581
8315	344
834	101
8341	85
8352	196
8354	1925
8365	114
8384	7854
8390	27
8392	294
8401	73
8422	53
8428	5243
8435	65
844	42
8448	511
8452	196
8458	42
8488	142
849	751
8491	81
8493	3856
8495	86
850	544
851	8960
8512	10632
852	381
8526	5800
8534	316
8537	130
855	228
8560	70
8561	133
8566	60
8582	88
8594	131
8596	23005
8628	55
865	82
8654	533
8657	42
8661	62
8677	5906
8678	1961
8692	64
8697	145
8699	2888
8703	641
8706	81
8718	49
8738	31
8766	85
8770	408
878	42
8781	1398
8798	54
8804	67
8825	1951
8842	88
8849	1430
885	149
8851	12999
8867	2658
888	30
8889	382
8896	105
8905	145
8915	20646
8919	399
8920	710
8921	47
8933	36
8951	214
8977	1545
8994	261
9025	246
9028	1494
9043	10686
9046	167
9059	487
907	2238
9087	3095
909	224
9093	66
9107	41
911	300
9130	216
9131	5975
9152	1492
916	243
9167	28
9186	64
9187	138
9199	324
92	67
9202	337
923	49
9230	308
9237	1946
9256	623
9297	35
930	433
9310	2317
9324	202
9337	714
9343	375
9376	37
9401	41
9404	36
9410	1679
9421	726
9422	280
9423	276
946	49
9481	12893
9482	510
949	759
9492	42
9517	2137
9518	5804
9528	9824
9530	30
9537	51
9550	1950
9551	165
9567	752
9568	95
96	146
960	585
9600	82
9602	57
9607	64
9612	47
9617	16546
9620	80
9629	259
9632	32
9640	71
9650	121
9672	661
9681	5718
9689	12885
9691	116
9696	31
9697	34
9699	381
9701	366
9716	69
9717	3017
9719	89
9720	62
9728	23184
9730	54
9735	87
9744	99
9747	495
9750	147
9752	388
9767	33
9798	8727
9805	4274
9817	161
9819	436
9824	571
9831	465
9843	131
9854	49
9855	200
9867	81
9875	641
9885	42
9890	112
9897	110
992	3164
9920	125
9930	38
9945	88
9946	4505
9953	34
9967	99
9973	42
9989	124
9993	167
9997	868
